2.077419010039167624e-01 8.037027763677258463e+02 2.632175666929970816e+02
3.362432685672577248e-01 3.219397736037925029e+02 8.181021590478728456e+01
4.647446361305986873e-01 2.462676939590653546e+02 4.981835680234152619e+01
5.932460036939396497e-01 1.196640299980129356e+02 1.897090705549951650e+01
7.217473712572806122e-01 5.038059776050973682e+01 9.173003270956298749e+00
8.502487388206215746e-01 6.161712398513664368e+01 1.558612435924747786e+01
9.787501063839625370e-01 2.776450748179903627e+01 5.898715107483729625e+00
1.107251473947303388e+00 2.416406664322153830e+01 5.720750938675552177e+00
1.235752841510644462e+00 1.905679226534816095e+01 4.801322218693052868e+00
1.364254209073985535e+00 1.180401528660177490e+01 3.428127839729460113e+00
1.492755576637326165e+00 1.155640232739511397e+01 3.698936108506094556e+00
1.621256944200667238e+00 7.688349706515365867e+00 3.127219810128067490e+00
1.749758311764008312e+00 7.546176793320766407e+00 2.424581562493838494e+00
1.878259679327349385e+00 6.088068633044456668e+00 3.735507177522234379e+00
2.006761046890690459e+00 6.970585732259241496e+00 4.572269667568962248e+00
2.135262414454031088e+00 3.799450100162276911e+00 3.675056820677179203e+00
2.263763782017372606e+00 7.140928984472065366e+00 5.556593865165949886e+00
2.392265149580713235e+00 3.436445293767441456e+00 1.889952192073783399e+00
2.520766517144054308e+00 4.986717538057115817e+00 1.335011838679237073e+01
