1.535214999999999774e-01 2.489001077616026123e+03 4.989875166462775269e+02
2.149300999999999850e-01 1.681984832040281844e+03 4.716194173142854993e+02
2.763386999999999927e-01 9.523861908537726322e+02 4.040124022299473836e+02
3.377473000000000281e-01 6.883377729545142074e+02 1.468516536772361576e+02
3.991559000000000079e-01 1.264132445370998084e+03 2.536342099196393747e+02
4.605644999999999878e-01 4.086160981479578709e+02 1.502583797160628762e+02
5.219730999999999677e-01 1.215987977623233718e+02 9.091611583689001463e+01
5.833817000000001141e-01 1.509785325378868777e+02 6.631112722124038328e+01
6.447902999999999274e-01 1.474068092634377365e+02 5.871518509012754805e+01
7.061989000000000738e-01 1.628743636056444757e+02 4.701849609741965708e+01
7.676074999999999982e-01 1.568078233263526613e+02 5.477144553053256004e+01
8.290161000000000335e-01 7.758171874735194251e+01 4.401117399669277575e+01
8.904246999999999579e-01 8.696758844847001058e+01 3.804384338812524646e+01
9.518332999999998822e-01 8.084582618292080269e+01 4.099983452029567133e+01
1.013241899999999918e+00 4.891328236962327480e+01 3.042681327001414360e+01
1.074650499999999953e+00 3.517648611668425929e+01 3.165226834879009488e+01
1.136059100000000210e+00 5.957396306883087789e+01 3.039528555776389140e+01
1.197467700000000024e+00 5.696777708140924545e+01 2.600897611264517195e+01
1.258876299999999837e+00 2.692169385656116987e+01 2.997006800101003421e+01
1.320284900000000095e+00 9.297822314336757543e+00 2.259873856126078806e+01
1.381693500000000130e+00 2.333229175249953968e+01 1.937481910660558171e+01
1.443102099999999943e+00 2.857910161512302949e+01 2.131827355720126960e+01
1.504510699999999757e+00 7.396999142476089162e+01 3.083534578084449862e+01
1.565919300000000014e+00 8.675886569603710186e+00 1.973568722710819046e+01
1.627327900000000049e+00 7.562021609981007586e+00 1.919287124392870325e+01
1.688736499999999863e+00 8.960107563451240154e+00 2.106551987725146091e+01
1.750145099999999898e+00 1.889602646204111025e+01 1.921808037217780551e+01
1.811553699999999933e+00 2.982762050667316700e+01 1.964297866931850223e+01
1.872962299999999969e+00 1.903531515717691747e+01 2.500582213982905699e+01
1.934370899999999782e+00 -1.867726109843932836e+00 2.159314742409577903e+01
1.995779499999999818e+00 7.094372924516331835e+00 2.284994755970234337e+01
2.057188099999999853e+00 8.219716463437023890e+00 2.531975043422988492e+01
2.118596699999999888e+00 8.568199015748438896e+00 2.269543014975519668e+01
2.180005299999999924e+00 1.966950491737390339e-01 2.626835269144946139e+01
